1280 720
1200 645

2 1130 70
4 1194 70
31 1170 22 0 3 1150

9 1160 200 2 600

2 40 150
3 104 150
4 168 150
31 45 102 3 3 162
16 280 170
5 392 150 2 492
1 280 230
24 280 205 2
24 310 205 1
16 550 150
31 557 103 2 2 557
1 650 100
20 658 54 2
10 520 200 1 270
12 584 200 1 270

2 700 250
4 764 250
2 920 250
3 984 250
4 1048 250
25 960 282 2
23 1010 196

2 766 350
3 830 350
3 894 350
4 958 350
30 770 302 2 3 990

16 80 280
16 80 365
21 86 320 2
1 80 460
22 93 410 10

16 1030 640
16 870 640
16 870 640
16 710 640

2 536 570
4 600 570
22 580 520 20

6 200 320 3 452
7 264 320 3 516
8 328 320 3 580


2 195 550
4 259 550
24 197 525 1
24 227 525 2
16 405 480


13 80 620



