1280 720
1200 660

3 0 150
3 64 150
3 128 150
3 192 150
3 256 150
4 320 150

5 384 150 1 576
2 640 150
3 704 150
3 832 150
3 768 150
3 832 150
3 896 150
4 960 150

2 1088 150
4 1152 150

27 70 107 1 3 300
30 640 102 2 2 976

3 0 350
3 64 350
3 128 350
3 192 350
3 256 350
3 320 350
3 384 350
3 448 350
3 512 350
3 576 350
3 640 350
9 704 350 1 480
3 768 350
3 832 350
3 896 350
3 960 350
3 1024 350
3 1088 350
4 1152 350

384 576
24 360 325 1
24 390 325 1
24 420 325 1
24 450 325 1
24 480 325 1
24 510 325 1
24 540 325 1
24 570 325 1
24 600 325 1
24 850 325 1

27 140 307 1 3 300
20 1150 300 3
31 275 212 0 3 275
1 267 260

16 480 285
23 488 235

3 0 550 
16 64 550
3 128 550
3 192 550
16 256 550
16 320 550
3 384 550
3 448 550


2 640 550
3 704 550
4 768 550

23 1105 500

2 1088 550
3 1152 550
3 1216 550

25 285 382 1
25 315 382 1
25 345 382 1


24 1160 525 1
24 1190 525 1
24 1220 525 1
24 1250 525 1

30 155 502 0 3 155

13 64 650


